1.463899999999999924e-01 3.352450000000000152e+00 8.148740000000000150e-02 7.283770000000000522e-02 9.785279999999999534e-01 4.550629999999999953e+00 5.567069999999999519e-01 -2.003480000000000061e+01 -1.141009999999999991e+02 9.293809999999999718e+02 8.978379999999999654e+02 1.250900000000000034e+02 4.897109999999999673e+03 1.205719999999999986e-01
1.921219999999999872e-01 3.377769999999999939e+00 7.868080000000000061e-05 8.329020000000000312e-01 1.401129999999999987e+00 2.500550000000000050e+00 2.052989999999999871e+00 -1.373290000000000077e+01 2.430500000000000114e+02 3.038190000000000168e+02 5.876430000000000291e+02 1.250900000000000034e+02 3.559650000000000091e+03 8.326300000000000563e-05
1.369740000000000124e-01 3.010120000000000129e+00 2.644080000000000208e+00 3.042529999999999957e-01 1.251210000000000100e-01 2.479830000000000201e+00 6.149890000000000079e+00 -2.850449999999999928e+00 1.363530000000000086e+02 3.921709999999999923e+02 1.959190000000000146e+04 1.250900000000000034e+02 2.129629999999999927e+04 1.040989999999999938e-04
4.095249999999999724e-01 3.780409999999999826e+00 2.170360000000000067e-01 -1.894989999999999952e+00 2.755220000000000002e+00 2.200520000000000032e+00 2.188239999999999963e+00 -1.011139999999999972e+01 9.075589999999999691e+02 4.428050000000000068e+02 5.506580000000000155e+02 1.250900000000000034e+02 4.486869999999999891e+03 -6.377680000000000371e-04
6.711700000000000443e-01 3.140589999999999993e+00 2.489050000000000207e+00 -1.813430000000000097e+00 2.215390000000000192e+00 -2.550790000000000113e+00 4.399329999999999963e+00 -3.554149999999999920e+00 -3.504399999999999977e+02 6.619420000000000073e+02 1.673959999999999854e+04 1.250900000000000034e+02 2.086520000000000073e+04 -6.156959999999999950e-04
1.181629999999999958e+00 3.604670000000000041e+00 8.688109999999999999e-01 -3.678980000000000139e+00 -2.414370000000000127e-01 3.736429999999999918e+00 8.433109999999999218e+00 -1.132160000000000011e+01 -4.475849999999999795e+02 7.940650000000000546e+02 1.171400000000000091e+03 1.250900000000000034e+02 4.133960000000000036e+03 -3.783649999999999730e-04
3.152349999999999874e-01 3.644899999999999807e+00 8.782969999999999666e-02 1.323479999999999990e+00 2.993489999999999984e+00 4.996579999999999910e-01 3.217679999999999985e-01 -9.361929999999999197e+00 7.157740000000000009e+02 5.063149999999999977e+02 6.570800000000000409e+02 1.250900000000000034e+02 4.400380000000000109e+03 9.914439999999999920e-01
4.577629999999999755e-01 3.089440000000000186e+00 5.716670000000000362e-01 -2.013409999999999922e+00 -6.213149999999999507e-01 5.195210000000000106e-01 9.156240000000000379e+00 -5.335589999999999833e+00 -6.899170000000000300e+02 1.176520000000000010e+02 5.680869999999999891e+02 1.250900000000000034e+02 2.349280000000000200e+03 -2.194630000000000094e-04
2.138510000000000133e-01 3.228590000000000071e+00 8.366260000000000363e-03 -8.223470000000000502e-01 1.990269999999999984e+00 2.201839999999999797e+00 3.125230000000000175e+00 -2.437020000000000020e-01 4.185899999999999750e+02 9.061109999999999900e+02 7.356559999999999491e+02 1.250900000000000034e+02 5.531090000000000146e+03 4.788230000000000199e-04
1.400339999999999918e-01 3.171180000000000110e+00 3.683980000000000032e+00 -2.326370000000000104e-01 -3.082429999999999892e-01 -7.001350000000000628e-02 6.507990000000000386e+00 -7.063579999999999970e+00 -7.847549999999999670e+01 3.283419999999999845e+02 1.942520000000000073e+04 1.250900000000000034e+02 2.518190000000000146e+04 -1.576620000000000094e-04
1.407440000000000080e-01 3.555940000000000101e+00 2.628480000000000150e+00 2.351380000000000137e-01 3.560249999999999804e-01 9.478290000000000326e-01 2.862909999999999844e+00 -1.656279999999999930e+01 7.494560000000000173e+02 3.990190000000000055e+02 8.133810000000000400e+03 1.250900000000000034e+02 1.827750000000000000e+04 -2.974820000000000090e-04
6.804759999999999698e-01 3.072070000000000078e+00 1.897469999999999978e-05 -2.441059999999999786e+00 1.237389999999999990e+00 4.352660000000000196e+00 5.908800000000000274e+00 -1.322819999999999929e+01 4.504159999999999968e+02 8.805049999999999955e+02 7.732809999999999491e+02 1.250900000000000034e+02 5.198720000000000255e+03 1.982110000000000035e-04
4.266980000000000217e-01 3.358049999999999979e+00 3.462180000000000035e+00 -1.940819999999999990e+00 1.006979999999999986e+00 -1.807020000000000071e+00 3.588109999999999911e+00 -3.255700000000000038e+00 -3.659479999999999933e+01 7.867140000000000555e+02 6.177210000000000036e+03 1.250900000000000034e+02 1.538500000000000000e+04 -5.911589999999999553e-04
6.704430000000000112e-01 3.702970000000000095e+00 2.548270000000000049e-02 -9.341190000000000326e-01 3.324630000000000085e-01 2.832469999999999821e+00 4.721779999999999866e+00 -2.383480000000000043e+00 1.983079999999999927e+02 8.785420000000000300e+02 2.554539999999999964e+03 1.250900000000000034e+02 1.652450000000000045e+03 3.702730000000000105e-04
2.052789999999999893e+00 3.234399999999999942e+00 1.964070000000000052e-02 -2.219019999999999881e-01 2.975709999999999855e+00 1.306319999999999926e+00 2.465710000000000068e+00 1.844219999999999970e+00 -1.898590000000000089e+02 4.203929999999999723e+02 1.583910000000000082e+03 1.250900000000000034e+02 2.534789999999999964e+03 -6.482169999999999772e-04
1.828519999999999868e-01 3.481799999999999784e+00 4.790390000000000056e-06 8.134400000000000519e-01 4.567439999999999833e-01 2.535610000000000142e+00 4.228120000000000211e-01 -4.966239999999999988e+00 -1.718170000000000073e+02 9.296380000000000337e+02 1.583799999999999955e+03 1.250900000000000034e+02 3.581679999999999836e+03 -2.854430000000000162e-02
2.494530000000000081e-01 3.960620000000000029e+00 8.209619999999999695e-01 -1.360030000000000072e+00 -3.435630000000000073e-01 2.249109999999999943e+00 2.417269999999999808e+00 -7.645690000000000097e+00 -3.522599999999999909e+02 3.043249999999999886e+02 2.650269999999999982e+03 1.250900000000000034e+02 3.176090000000000146e+03 -6.940219999999999766e-04
2.062690000000000079e-01 3.169849999999999834e+00 2.252040000000000042e+00 -9.879710000000000436e-01 1.219529999999999920e-02 3.044520000000000004e-01 9.963250000000000384e+00 -1.134560000000000013e+00 2.619089999999999918e+02 8.274379999999999882e+02 3.153800000000000182e+03 1.250900000000000034e+02 7.163000000000000000e+03 1.418810000000000058e-04
1.764080000000000092e-01 3.789759999999999796e+00 1.189490000000000024e-04 -7.951350000000000362e-01 5.477700000000000277e-03 4.013379999999999725e+00 2.911090000000000066e-01 -8.960369999999999280e+00 -6.149080000000000155e+02 5.536280000000000427e+02 5.539299999999999500e+02 1.250900000000000034e+02 4.945090000000000146e+03 9.938379999999999992e-01
6.323769999999999669e-01 3.605840000000000156e+00 8.748489999999999988e-05 -2.399570000000000203e+00 2.507639999999999869e+00 4.043230000000000324e+00 3.958419999999999828e+00 -1.442849999999999966e+01 -4.645169999999999959e+02 8.252740000000000009e+02 6.399199999999999591e+02 1.250900000000000034e+02 5.617609999999999673e+03 -9.612709999999999788e-04
2.170860000000000012e-01 3.839809999999999945e+00 8.982569999999999721e-01 -8.856840000000000268e-01 1.905310000000000059e-01 7.182129999999999903e-01 2.192400000000000126e+00 -1.744180000000000064e+01 -8.219660000000000082e+02 3.834879999999999995e+02 3.871280000000000200e+03 1.250900000000000034e+02 5.338119999999999891e+03 -1.445359999999999917e-03
1.381499999999999950e-01 3.293260000000000076e+00 8.005149999999999766e-02 3.017409999999999815e-01 2.101929999999999910e-01 4.736570000000000391e+00 2.775539999999999896e+00 -4.044059999999999988e+00 5.945159999999999627e+02 7.471680000000000064e+02 8.235410000000000537e+02 1.250900000000000034e+02 4.566260000000000218e+03 1.617549999999999988e-04
6.937870000000000426e-01 3.264470000000000205e+00 9.731039999999999690e-01 -1.412400000000000100e+00 2.522149999999999892e+00 2.935000000000000053e+00 3.352240000000000109e+00 -1.046550000000000047e+01 4.913969999999999914e+02 8.703010000000000446e+02 1.326569999999999936e+03 1.250900000000000034e+02 4.242470000000000255e+03 3.089500000000000015e-04
3.613000000000000100e-01 3.383070000000000022e+00 8.493749999999999911e-02 -4.857429999999999803e-01 1.968930000000000069e+00 3.490450000000000053e+00 8.037279999999999980e-01 -1.338400000000000034e+01 2.154039999999999964e+02 7.409850000000000136e+01 5.506720000000000255e+02 1.250900000000000034e+02 1.708799999999999955e+03 -4.706409999999999955e-04
2.444780000000000009e-01 3.481440000000000090e+00 1.019999999999999934e-01 1.410220000000000085e-01 1.915359999999999951e+00 2.507449999999999957e+00 2.259230000000000071e+00 -4.137129999999999974e+00 -3.482470000000000141e+02 4.121560000000000059e+02 8.059990000000000236e+02 1.250900000000000034e+02 3.527329999999999927e+03 -9.383870000000000535e-04
6.806200000000000028e-01 3.353040000000000020e+00 2.325410000000000199e+00 -1.193619999999999903e+00 -1.822950000000000070e+00 -9.814450000000000118e-01 6.940420000000000478e-01 -1.209810000000000052e+01 1.788899999999999935e+01 6.894220000000000255e+02 9.706549999999999272e+03 1.250900000000000034e+02 2.008850000000000000e+04 3.123190000000000081e-03
1.511349999999999916e-01 3.547159999999999869e+00 1.257600000000000037e-02 5.242000000000000132e-02 9.613230000000000386e-01 1.986469999999999958e+00 4.252839999999999954e+00 -1.508750000000000036e+00 -7.400599999999999454e+02 5.745570000000000164e+02 6.425810000000000173e+02 1.250900000000000034e+02 4.712399999999999636e+03 -8.526179999999999740e-04
3.440409999999999857e-01 3.158269999999999911e+00 1.253039999999999932e+00 -7.718380000000000241e-01 1.097310000000000008e+00 2.179609999999999881e-01 4.197420000000000040e-01 -3.946089999999999876e+00 9.899750000000000227e+02 6.955430000000000064e+02 3.677900000000000091e+03 1.250900000000000034e+02 6.214279999999999745e+03 -2.086740000000000123e-03
1.303209999999999924e-01 3.224540000000000184e+00 1.634910000000000085e+00 1.155769999999999992e-01 -7.435989999999999961e-03 3.507470000000000088e+00 2.143959999999999866e+00 -1.856970000000000098e+01 -6.384460000000000264e+02 2.180689999999999884e+02 4.677649999999999636e+03 1.250900000000000034e+02 5.435489999999999782e+03 -1.031550000000000002e-03
4.473969999999999891e-01 3.707079999999999931e+00 3.389469999999999983e-01 -2.048599999999999977e+00 -2.269410000000000038e-01 1.383510000000000018e+00 3.203510000000000080e+00 -1.451200000000000045e+01 -8.095149999999999864e+02 7.312820000000000391e+02 1.611039999999999964e+04 1.250900000000000034e+02 1.009600000000000000e+04 -1.410199999999999908e-03
4.662959999999999883e-01 3.168480000000000185e+00 1.883580000000000032e+00 -1.519360000000000044e+00 -1.601520000000000055e+00 2.997949999999999893e+00 5.408730000000000260e+00 -1.514409999999999989e+01 -4.017339999999999804e+02 9.240959999999999752e+01 6.918989999999999782e+03 1.250900000000000034e+02 1.001870000000000073e+04 -2.276959999999999965e-04
1.380500000000000060e-01 3.699429999999999996e+00 5.828380000000000193e-04 6.582920000000000438e-02 1.742300000000000099e-02 1.311909999999999910e+00 4.910970000000000057e-01 -2.079609999999999914e+01 -2.571610000000000014e+02 4.761139999999999759e+02 3.307000000000000000e+03 1.250900000000000034e+02 1.155569999999999936e+03 -4.860539999999999999e-03
1.396640000000000104e-01 3.220209999999999795e+00 1.051010000000000000e-01 -3.466600000000000237e-01 2.043840000000000101e-01 3.070699999999999985e+00 3.656120000000000037e+00 -2.673579999999999846e+00 8.463989999999999725e+01 3.565029999999999859e+02 6.086770000000000209e+02 1.250900000000000034e+02 3.777389999999999873e+03 1.988559999999999948e-04
6.694080000000000030e-01 3.203329999999999789e+00 1.135769999999999974e-01 -1.852409999999999890e+00 -5.013750000000000151e-02 1.606160000000000032e+00 7.424269999999999925e+00 -1.036940000000000062e+01 3.995740000000000123e+02 9.622510000000000119e+00 9.720259999999999536e+02 1.250900000000000034e+02 3.509069999999999823e+02 -1.290479999999999882e-04
1.672069999999999945e-01 4.064759999999999707e+00 3.060220000000000162e+00 -6.685219999999999496e-01 -3.506889999999999730e-01 -4.627510000000000234e-01 1.160460000000000047e+00 -1.833160000000000167e+01 -3.674270000000000209e+02 5.981820000000000164e+02 5.387789999999999964e+03 1.250900000000000034e+02 1.338700000000000000e+04 -2.370500000000000211e-03
2.980369999999999964e-01 3.192279999999999784e+00 1.814659999999999940e+00 -1.076040000000000108e+00 1.092400000000000038e+00 -3.340279999999999916e+00 4.532099999999999795e+00 -1.084309999999999974e+01 -3.515600000000000023e+02 5.144299999999999500e+02 1.266179999999999927e+04 1.250900000000000034e+02 1.357379999999999927e+04 -4.957940000000000307e-04
1.146400000000000086e+00 3.848430000000000017e+00 3.337359999999999882e+00 -3.542850000000000055e+00 1.385639999999999983e+00 5.728360000000000118e-01 4.315760000000000041e+00 -3.751900000000000013e+00 4.581619999999999777e+02 6.615200000000000102e+01 1.803040000000000146e+04 1.250900000000000034e+02 2.760920000000000073e+04 -2.162649999999999902e-04
3.223119999999999874e-01 3.645309999999999828e+00 6.096099999999999852e-01 -1.675740000000000007e+00 -2.775900000000000034e-01 2.653129999999999988e+00 8.205840000000000245e+00 -3.901839999999999753e-01 6.235570000000000164e+02 8.578400000000000318e+02 7.556240000000000236e+02 1.250900000000000034e+02 5.360590000000000146e+03 7.541989999999999935e-05
1.964229999999999865e-01 3.780780000000000030e+00 3.969190000000000218e+00 -7.333819999999999784e-01 7.146949999999999692e-01 -4.868759999999999755e-03 4.261339999999999684e+00 -9.554209999999999425e+00 1.306080000000000041e+02 7.126979999999999791e+02 1.654859999999999854e+04 1.250900000000000034e+02 2.749809999999999854e+04 3.534620000000000253e-04
3.640709999999999780e-01 3.063909999999999911e+00 2.586899999999999977e+00 -1.276119999999999921e+00 1.156360000000000054e+00 -9.206809999999999716e-01 5.681370000000000253e+00 -1.453599999999999959e+01 -8.609049999999999727e+02 3.176220000000000141e+02 8.052489999999999782e+03 1.250900000000000034e+02 1.780679999999999927e+04 -5.293169999999999603e-04
2.125460000000000127e-01 3.002709999999999990e+00 1.919569999999999999e+00 7.317069999999999963e-01 3.909150000000000125e-02 3.329359999999999875e+00 2.488160000000000149e+00 -1.104879999999999995e+01 5.006949999999999932e+02 4.064320000000000164e+02 2.596500000000000000e+03 1.250900000000000034e+02 4.192899999999999636e+03 -9.594179999999999679e-05
1.573280000000000012e+00 3.300510000000000055e+00 1.556340000000000057e+00 -4.098300000000000054e+00 -1.909829999999999917e+00 1.528359999999999941e+00 1.019689999999999941e+01 -1.295220000000000038e+00 -1.104440000000000026e+02 9.175850000000000364e+02 1.367829999999999927e+04 1.250900000000000034e+02 2.034970000000000073e+04 -2.556670000000000036e-04
2.444379999999999886e-01 3.804949999999999832e+00 2.718309999999999893e-01 -1.009689999999999976e+00 -3.974630000000000107e-01 4.978620000000000267e-01 3.984199999999999964e+00 -1.225309999999999988e+01 -7.547859999999999445e+02 3.528700000000000045e+02 4.202550000000000182e+03 1.250900000000000034e+02 3.348809999999999945e+03 -7.072229999999999879e-04
2.276009999999999978e-01 3.175839999999999996e+00 2.993009999999999996e-05 7.329510000000000018e-03 3.686050000000000160e-01 1.633080000000000087e+00 4.829989999999999561e+00 -5.308849999999999625e+00 9.164329999999999927e+02 1.055560000000000009e+01 6.242839999999999918e+02 1.250900000000000034e+02 5.429710000000000036e+02 -4.607330000000000084e-04
2.652829999999999910e-01 3.154929999999999790e+00 7.008409999999999640e-03 1.208630000000000093e+00 2.716520000000000046e+00 5.483139999999999681e+00 2.640489999999999782e-01 -3.938969999999999860e+00 8.443740000000000236e+02 3.508870000000000005e+02 6.472910000000000537e+02 1.250900000000000034e+02 3.426670000000000073e+03 -8.079530000000000323e-01
1.564760000000000040e-01 3.468160000000000132e+00 4.091099999999999959e+00 -5.134760000000000435e-01 -2.622550000000000159e-01 -1.024529999999999941e+00 1.732050000000000090e+00 -7.851140000000000008e+00 2.191370000000000005e+02 7.826589999999999918e+02 5.066430000000000291e+03 1.250900000000000034e+02 1.440420000000000073e+04 8.667959999999999728e-04
2.910119999999999929e-01 3.876510000000000122e+00 1.962540000000000118e-01 -4.072910000000000141e-01 1.092289999999999983e+00 5.267319999999999780e-01 2.953189999999999982e-01 -1.024200000000000088e+01 4.426109999999999900e+02 2.335790000000000077e+02 1.309170000000000073e+03 1.250900000000000034e+02 2.261409999999999854e+03 -2.428780000000000175e-03
1.423110000000000097e+00 3.733680000000000110e+00 9.662349999999999550e-01 -4.326469999999999594e+00 1.654050000000000020e+00 -2.335529999999999884e+00 9.112049999999999983e+00 -3.915179999999999882e+00 -5.824719999999999800e+02 3.263290000000000077e+02 1.881250000000000000e+04 1.250900000000000034e+02 1.653629999999999927e+04 -2.549189999999999898e-04
1.391479999999999939e-01 3.342970000000000219e+00 9.549260000000000526e-01 -6.685489999999999489e-02 -1.554810000000000081e-01 -1.448960000000000026e+00 3.950099999999999723e-01 -1.195459999999999923e+01 1.576850000000000023e+02 1.714180000000000064e+02 1.830400000000000000e+04 1.250900000000000034e+02 1.969500000000000000e+04 8.759830000000000459e-05
3.802820000000000089e-01 3.437840000000000007e+00 8.127499999999999725e-01 -1.097539999999999960e+00 -7.377640000000000586e-02 -2.501700000000000035e+00 6.236110000000000042e+00 -2.980370000000000186e+00 3.157950000000000159e+02 2.615650000000000119e+01 1.572910000000000036e+04 1.250900000000000034e+02 1.123479999999999927e+04 -1.125259999999999997e-04
7.496019999999999905e-01 3.064449999999999896e+00 1.413889999999999869e-01 1.447459999999999969e+00 1.118940000000000046e+00 1.267649999999999944e+00 1.748299999999999965e+00 -5.995120000000000005e+00 -8.300439999999999827e+02 6.110649999999999693e+01 9.513849999999999909e+02 1.250900000000000034e+02 1.294900000000000091e+03 -1.288719999999999926e-03
3.090749999999999886e-01 3.709779999999999855e+00 1.128070000000000045e-01 -6.549679999999999946e-01 2.713569999999999816e+00 2.920500000000000096e+00 1.511649999999999938e+00 -4.327930000000000277e+00 2.092920000000000016e+02 5.857910000000000537e+02 8.168089999999999691e+02 1.250900000000000034e+02 4.183010000000000218e+03 8.067050000000000089e-04
3.124100000000000210e-01 3.110230000000000050e+00 1.187199999999999916e-05 6.247040000000000370e-01 2.223409999999999886e+00 2.872430000000000039e+00 2.290039999999999853e+00 -1.346529999999999916e+01 3.372300000000000182e+02 1.649670000000000130e+02 7.230599999999999454e+02 1.250900000000000034e+02 2.254869999999999891e+03 -1.943559999999999938e-04
2.665980000000000016e-01 3.375789999999999846e+00 1.734129999999999960e-03 -1.863400000000000082e-03 3.984080000000000066e+00 8.728719999999999812e-01 2.008599999999999941e+00 -1.056850000000000023e+01 2.514389999999999930e+02 3.796809999999999832e+02 5.686069999999999709e+02 1.250900000000000034e+02 4.087010000000000218e+03 1.883579999999999879e-04
5.546480000000000299e-01 3.403799999999999937e+00 2.066100000000000048e+00 4.365510000000000224e-01 1.695650000000000102e+00 2.741870000000000029e+00 1.227479999999999960e-01 -1.327389999999999937e+01 -3.342010000000000218e+02 3.132049999999999912e+01 1.813890000000000100e+03 1.250900000000000034e+02 3.226110000000000127e+03 -8.898889999999999578e-03
1.608209999999999917e-01 3.093020000000000103e+00 7.219960000000000093e-03 -6.083009999999999806e-01 1.109450000000000019e-01 4.376640000000000086e+00 4.845439999999999969e+00 -6.763560000000000016e+00 3.439759999999999707e+01 5.993669999999999618e+02 6.023450000000000273e+02 1.250900000000000034e+02 4.895359999999999673e+03 3.198419999999999779e-04
4.236070000000000113e-01 3.355599999999999916e+00 5.872389999999999555e-01 -5.713870000000000060e-02 -7.930150000000000254e-01 -4.551089999999999858e-01 1.633960000000000079e+00 -1.808500000000000085e+01 5.332129999999999654e+02 7.795189999999999841e+00 1.147379999999999927e+04 1.250900000000000034e+02 1.222450000000000000e+04 -7.362480000000000023e-04
7.318440000000000500e-01 3.724390000000000089e+00 6.762139999999999601e-05 -2.729699999999999793e+00 2.582500000000000018e+00 3.020859999999999879e+00 5.113480000000000025e+00 -2.466559999999999864e+00 6.817469999999999573e+02 7.693609999999999900e+02 7.471409999999999627e+02 1.250900000000000034e+02 5.028210000000000036e+03 4.683880000000000291e-05
4.202859999999999929e-01 3.050089999999999968e+00 3.189759999999999818e-03 -1.213479999999999892e+00 3.844219999999999970e+00 4.168350000000000222e+00 3.264200000000000212e+00 -7.464159999999999684e+00 -2.775810000000000173e+02 6.839539999999999509e+02 6.267200000000000273e+02 1.250900000000000034e+02 5.139710000000000036e+03 -8.730149999999999889e-04
4.534190000000000165e-01 3.153369999999999784e+00 1.496979999999999977e-01 -1.980930000000000080e+00 5.636079999999999979e-01 3.058409999999999851e+00 1.046899999999999942e+00 -1.514620000000000033e+01 -6.732019999999999982e+01 4.218700000000000045e+02 5.034239999999999782e+02 1.250900000000000034e+02 4.553689999999999600e+03 -1.929010000000000100e-03
1.818970000000000031e-01 3.295510000000000161e+00 2.779729999999999812e+00 7.340759999999999508e-01 1.586370000000000141e-02 2.813649999999999984e+00 -1.346140000000000114e-01 -8.093709999999999738e+00 6.548450000000000273e+02 6.493110000000000355e+02 1.244220000000000073e+04 1.250900000000000034e+02 1.997940000000000146e+04 -3.729750000000000010e-01
3.773869999999999725e-01 3.740759999999999863e+00 2.315990000000000081e-06 -1.499020000000000019e+00 1.274650000000000061e+00 3.978089999999999904e+00 4.220209999999999795e+00 -2.668039999999999967e+00 8.417569999999999482e+02 5.789759999999999991e+02 9.942019999999999982e+02 1.250900000000000034e+02 3.571639999999999873e+03 -1.641660000000000135e-04
9.825350000000000472e-01 3.544080000000000119e+00 5.773420000000000218e-01 -2.131130000000000191e+00 -1.378339999999999899e+00 2.110949999999999882e+00 7.447700000000000209e+00 -2.604620000000000157e+00 3.195710000000000264e+02 6.185470000000000255e+02 1.627110000000000036e+04 1.250900000000000034e+02 1.060360000000000036e+04 1.002259999999999989e-04
1.779080000000000106e-01 3.115749999999999797e+00 5.973869999999999875e-02 -6.557659999999999600e-01 1.107949999999999990e+00 4.472389999999999866e+00 1.439750000000000085e+00 -3.499820000000000153e+00 -2.952540000000000191e+02 9.338609999999999900e+02 5.968680000000000518e+02 1.250900000000000034e+02 6.190510000000000218e+03 -4.694799999999999841e-03
1.433460000000000012e-01 3.155800000000000161e+00 1.036770000000000009e-03 4.024269999999999792e-01 1.023079999999999989e+00 2.733179999999999943e+00 2.672550000000000203e+00 -1.453229999999999933e+01 4.657309999999999945e+02 8.713070000000000164e+02 5.946059999999999945e+02 1.250900000000000034e+02 6.033960000000000036e+03 5.150779999999999768e-04
3.841359999999999775e-01 3.220800000000000107e+00 6.377509999999999568e-01 5.532059999999999755e-01 7.279830000000000467e-01 -2.211350000000000121e-02 1.215270000000000072e+00 -1.428519999999999968e+01 -5.018500000000000227e+02 2.218019999999999925e+02 5.411539999999999964e+03 1.250900000000000034e+02 6.196399999999999636e+03 -1.592780000000000020e-03
5.284609999999999586e-01 3.587740000000000151e+00 1.029199999999999893e+00 -6.137599999999999723e-01 1.196320000000000050e+00 -6.697879999999999806e-03 3.320199999999999818e+00 -1.347269999999999968e+01 -9.042559999999999718e+02 5.468730000000000473e+02 3.914349999999999909e+03 1.250900000000000034e+02 5.921180000000000291e+03 -1.136899999999999933e-03
1.401769999999999960e-01 3.426369999999999916e+00 1.138990000000000084e-05 -3.449409999999999976e-01 1.049930000000000030e-01 1.539999999999999980e-01 5.534620000000000317e+00 -4.706120000000000303e+00 5.042139999999999986e+02 8.276040000000000418e+01 1.584940000000000055e+03 1.250900000000000034e+02 1.142170000000000073e+03 -1.875910000000000002e-04
2.446770000000000056e-01 3.169810000000000016e+00 4.647959999999999965e-06 -1.076459999999999972e+00 5.523200000000000331e-01 6.944939999999999891e+00 1.761679999999999913e+00 -1.703430000000000177e+01 -1.118880000000000052e+02 5.042099999999999795e+02 5.623540000000000418e+02 1.250900000000000034e+02 4.498930000000000291e+03 -1.158739999999999900e-03
2.682200000000000140e-01 3.072150000000000158e+00 2.341340000000000199e+00 -1.288659999999999917e+00 -3.120350000000000068e-01 4.633320000000000327e+00 9.688620000000000010e-01 -1.368099999999999916e+01 4.590480000000000018e+02 9.504750000000000227e+02 1.135390000000000100e+03 1.250900000000000034e+02 4.806140000000000327e+03 2.239640000000000207e-03
5.010520000000000529e-01 3.899369999999999781e+00 1.063429999999999931e-02 -2.035350000000000215e+00 -9.323320000000000218e-02 8.632349999999999746e-01 3.922839999999999883e+00 -1.912280000000000157e+01 2.215449999999999875e+01 2.080939999999999941e+02 3.357039999999999964e+03 1.250900000000000034e+02 8.946860000000000355e+02 1.178010000000000060e-04
2.281960000000000099e-01 3.234080000000000066e+00 2.899540000000000194e-06 -6.188099999999999712e-01 9.901480000000000281e-01 1.880759999999999987e+00 7.197569999999999801e+00 -5.378840000000000288e+00 -2.302930000000000064e+02 4.375550000000000068e+02 9.687899999999999636e+02 1.250900000000000034e+02 3.300289999999999964e+03 -2.358679999999999989e-04
3.061989999999999990e-01 3.468939999999999912e+00 4.528150000000000119e+00 8.838369999999999838e-01 1.355930000000000080e+00 -7.353960000000000496e-01 1.206599999999999895e+00 -7.369970000000000354e+00 -7.183310000000000173e+02 3.855579999999999927e+02 1.742540000000000146e+04 1.250900000000000034e+02 2.618400000000000000e+04 -3.342439999999999908e-03
2.776629999999999932e-01 3.278210000000000068e+00 3.958409999999999934e-05 -5.273710000000000342e-01 1.874929999999999986e+00 1.195249999999999924e+00 7.433840000000000003e+00 -9.359069999999999889e-02 9.249020000000000437e+02 9.181509999999999536e+02 1.315970000000000027e+03 1.250900000000000034e+02 4.156250000000000000e+03 -2.341789999999999902e-06
1.890439999999999898e-01 3.643810000000000215e+00 3.137039999999999829e+00 -8.860690000000000233e-02 -1.011840000000000073e+00 7.955780000000000074e-01 1.631099999999999994e+00 -1.757590000000000074e+01 -5.574410000000000309e+02 9.910510000000000446e+02 3.093730000000000018e+03 1.250900000000000034e+02 8.214559999999999491e+03 -2.766949999999999792e-03
8.568519999999999470e-01 3.338890000000000136e+00 2.621049999999999880e+00 -1.936239999999999961e+00 2.960280000000000022e+00 2.066930000000000156e+00 3.335730000000000084e-01 -5.638349999999999973e+00 -2.083820000000000050e+02 4.742760000000000105e+02 1.068220000000000027e+03 1.250900000000000034e+02 4.066519999999999982e+03 -1.725080000000000016e-02
1.502890000000000059e-01 3.095769999999999911e+00 1.068459999999999965e+00 2.455170000000000130e-01 2.350500000000000089e-01 2.360849999999999893e-01 5.763480000000000381e+00 -2.345009999999999817e+00 -4.988840000000000146e+02 2.009929999999999950e+02 6.773439999999999600e+03 1.250900000000000034e+02 9.917270000000000437e+03 -3.042319999999999833e-04
1.913160000000000138e-01 3.521840000000000082e+00 2.250220000000000109e+00 -1.873700000000000018e-02 -9.903440000000000021e-01 8.745979999999999865e-01 1.321839999999999904e+00 -1.035660000000000025e+01 -2.417160000000000082e+02 7.685570000000000164e+02 1.972650000000000091e+03 1.250900000000000034e+02 5.195479999999999563e+03 -2.283410000000000040e-03
4.819680000000000075e-01 3.061960000000000015e+00 2.232600000000000140e+00 1.652579999999999938e+00 -9.861950000000000438e-01 2.324770000000000003e+00 2.172470000000000123e+00 -7.694549999999999557e+00 -3.618539999999999850e+02 2.308739999999999952e+02 1.114730000000000018e+03 1.250900000000000034e+02 3.117710000000000036e+03 -7.085950000000000148e-04
7.415370000000000017e-01 3.604859999999999953e+00 3.004080000000000084e+00 -5.824010000000000298e-02 -2.590669999999999806e+00 2.028000000000000025e+00 3.520509999999999806e+00 -2.266709999999999781e+00 1.777680000000000007e+02 2.444310000000000116e+02 5.957739999999999782e+03 1.250900000000000034e+02 1.369470000000000073e+04 4.691779999999999996e-05
4.879470000000000196e-01 3.877149999999999874e+00 1.083080000000000043e+00 -1.810910000000000020e+00 6.623459999999999903e-01 6.107200000000000406e-01 1.203179999999999916e+00 -6.470880000000000187e+00 -8.085080000000000382e+02 8.586779999999999973e+02 3.295780000000000200e+03 1.250900000000000034e+02 5.451680000000000291e+03 -4.253179999999999635e-03
6.506189999999999474e-01 3.860819999999999919e+00 1.966509999999999980e+00 -9.243059999999999610e-01 1.791279999999999983e+00 1.092500000000000027e+00 1.115680000000000005e+00 -4.602909999999999613e+00 -6.380950000000000273e+02 8.935960000000000036e+02 3.648889999999999873e+03 1.250900000000000034e+02 7.535979999999999563e+03 -4.269049999999999928e-03
3.533029999999999782e-01 3.735920000000000130e+00 5.288389999999999480e-01 -1.541230000000000100e+00 -6.575659999999999838e-01 2.051109999999999989e+00 1.568300000000000027e+00 -5.174699999999999633e+00 5.529619999999999891e+02 5.971100000000000136e+02 3.838469999999999800e+03 1.250900000000000034e+02 3.417860000000000127e+03 7.296250000000000489e-05
2.233169999999999877e-01 3.152200000000000113e+00 4.408179999999999865e-06 -1.049409999999999954e+00 6.412410000000000332e-03 6.032809999999999562e-01 1.994890000000000052e+00 -1.953669999999999973e+01 -3.826960000000000264e+02 5.207659999999999627e+02 1.642660000000000082e+03 1.250900000000000034e+02 2.799510000000000218e+03 -1.228890000000000060e-03
6.919800000000000395e-01 3.656359999999999832e+00 2.788180000000000103e+00 -1.708579999999999988e+00 -1.328899999999999970e+00 -2.268749999999999822e+00 4.563629999999999853e+00 -6.147649999999999615e+00 4.341899999999999977e+02 8.387269999999999754e+02 1.586329999999999927e+04 1.250900000000000034e+02 2.391870000000000073e+04 2.255020000000000104e-04
3.869659999999999767e-01 3.623880000000000212e+00 7.093219999999999690e-04 -1.344219999999999970e+00 1.300929999999999920e+00 5.904310000000000391e-01 2.645629999999999926e-01 -1.654510000000000147e+01 4.536059999999999945e+02 7.544099999999999682e+02 1.503420000000000073e+03 1.250900000000000034e+02 3.540090000000000146e+03 -1.514550000000000063e-01
1.333989999999999898e-01 3.175660000000000149e+00 6.576809999999999601e-01 -4.743490000000000206e-02 3.672540000000000249e-01 2.939430000000000209e+00 3.193830000000000169e+00 -1.741710000000000091e+00 -6.946850000000000591e+01 5.340080000000000382e+02 8.328719999999999573e+02 1.250900000000000034e+02 4.021460000000000036e+03 -5.179810000000000404e-04
1.725270000000000137e-01 3.082190000000000207e+00 2.973360000000000003e+00 -1.726010000000000044e-01 7.379550000000000276e-01 2.169309999999999850e+00 3.074330000000000118e-03 -2.170120000000000005e+01 6.543659999999999854e+01 4.035550000000000068e+02 1.683890000000000100e+03 1.250900000000000034e+02 4.567170000000000073e+03 9.477060000000000484e-01
4.212719999999999798e-01 3.648670000000000080e+00 2.209039999999999893e-01 -9.904290000000000038e-01 1.856510000000000105e+00 4.381490000000000329e+00 2.067250000000000032e+00 -9.462080000000000268e+00 -6.132210000000000036e+02 2.833820000000000050e+02 7.053410000000000082e+02 1.250900000000000034e+02 3.011909999999999854e+03 -1.188510000000000044e-03
2.373230000000000062e-01 3.418890000000000207e+00 2.624559999999999782e+00 -1.062570000000000014e+00 3.584479999999999889e-01 1.070770000000000000e+00 5.175980000000000025e+00 -9.250349999999999184e+00 1.400649999999999977e+02 9.129850000000000136e+02 9.957299999999999272e+03 1.250900000000000034e+02 2.175470000000000073e+04 3.817240000000000064e-04
6.761239999999999473e-01 3.487569999999999837e+00 2.752209999999999823e+00 -2.055140000000000189e+00 1.322370000000000045e+00 1.018809999999999993e+00 1.698039999999999994e+00 -6.370919999999999916e+00 1.966220000000000141e+02 6.529209999999999958e+00 1.753529999999999927e+04 1.250900000000000034e+02 2.581620000000000073e+04 -2.647939999999999994e-04
1.136419999999999986e+00 3.266970000000000152e+00 4.684920000000000057e-02 -2.874909999999999854e+00 5.898379999999999734e-01 1.209100000000000064e+00 6.363769999999999705e+00 -1.027469999999999928e+01 5.139139999999999873e+02 9.305259999999999536e+02 2.637619999999999891e+03 1.250900000000000034e+02 2.893139999999999873e+03 1.660750000000000117e-04
7.514229999999999521e-01 3.620760000000000201e+00 2.035320000000000022e-05 -3.569260000000000210e-01 4.826529999999999987e-01 2.747859999999999747e-01 1.427650000000000086e+00 -5.847819999999999574e+00 -3.340310000000000059e+02 6.630470000000000255e+02 4.116779999999999745e+03 1.250900000000000034e+02 2.002849999999999909e+03 -1.936819999999999905e-03
3.582589999999999941e-01 3.098790000000000155e+00 1.285320000000000039e-02 -1.593269999999999964e+00 -1.591679999999999831e-02 9.215189999999999770e-01 4.709010000000000140e+00 -8.585850000000000648e+00 -1.441119999999999948e+02 8.266649999999999636e+02 2.769329999999999927e+03 1.250900000000000034e+02 2.629769999999999982e+03 -5.294810000000000488e-04
1.344410000000000049e-01 3.105919999999999792e+00 2.546290000000000098e-03 2.519959999999999978e-01 -1.389849999999999983e-03 1.344179999999999930e+00 5.546330000000000204e+00 -1.698090000000000099e+00 -1.829079999999999870e+02 9.548369999999999891e+02 1.238680000000000064e+03 1.250900000000000034e+02 4.363789999999999964e+03 -5.447670000000000377e-04
9.472369999999999957e-01 3.959360000000000213e+00 1.015819999999999961e-03 -2.318729999999999958e+00 1.029069999999999985e-01 3.411109999999999975e-01 3.786669999999999980e+00 -8.502290000000000125e-01 -6.122799999999999727e+02 8.331910000000000593e+00 7.948579999999999472e+02 1.250900000000000034e+02 5.482659999999999627e+02 -4.044000000000000177e-04
3.844020000000000215e-01 3.359199999999999964e+00 2.631559999999999899e+00 5.351879999999999971e-01 1.274850000000000039e+00 -2.243770000000000042e+00 3.465209999999999901e+00 -6.289559999999999595e-01 9.617740000000000578e+01 5.947599999999999909e+02 1.178600000000000000e+04 1.250900000000000034e+02 2.080859999999999854e+04 3.687990000000000040e-04
3.162249999999999783e-01 3.897149999999999892e+00 5.442800000000000134e-05 3.100079999999999850e-02 2.081910000000000149e+00 1.712769999999999904e+00 3.672739999999999894e-01 -1.582920000000000016e+01 -2.462309999999999945e+02 6.882859999999999445e+02 1.095619999999999891e+03 1.250900000000000034e+02 3.926510000000000218e+03 6.911499999999999588e-02
9.681589999999999918e-01 3.226850000000000218e+00 4.174249999999999905e-01 -3.134009999999999962e+00 5.253700000000000259e+00 9.552040000000000530e-01 6.524169999999999803e+00 -8.679470000000000240e-01 6.563999999999999773e+02 9.779729999999999563e+02 5.574759999999999991e+02 1.250900000000000034e+02 6.644069999999999709e+03 1.400440000000000029e-04
1.356340000000000046e-01 3.051969999999999850e+00 1.621690000000000076e+00 -5.447779999999999984e-02 -1.668920000000000126e-01 8.436059999999999670e-01 1.477039999999999909e+00 -6.170960000000000001e+00 7.967730000000000246e+02 5.561989999999999554e+02 1.095339999999999964e+04 1.250900000000000034e+02 1.893440000000000146e+04 -3.930679999999999981e-04
